 50 
 1 100.000000 0.000000 -4.362581 99.999357 
 5 100.000000 0.000000 -4.450807 99.999572 
 10 100.000000 0.000000 -4.246214 99.998913 
 15 100.000000 0.000000 -4.107156 99.997997 
 20 100.000000 0.000000 -4.005238 99.996902 
 25 100.000000 0.000000 -3.925639 99.995675 
 30 100.000000 0.000000 -3.860722 99.994347 
 35 100.000000 0.000000 -3.806127 99.992942 
 40 100.000000 0.000000 -3.759156 99.991476 
 45 100.000000 0.000000 -3.718030 99.989961 
 50 100.000000 0.000000 -3.681519 99.988408 

 0.500 1.100 1.190 1.162 
 1.000 0.780 1.190 1.134 
 1.500 0.710 1.190 1.106 
 2.000 0.430 1.190 1.078 
 3.000 0.290 1.190 1.022 
 4.000 0.220 1.190 0.967 
 5.000 0.170 1.190 0.913 
 6.000 0.110 1.190 0.860 
